15158698656
13865389588
13766225677
18779466184
18548135117
15224441555
13620580587
18966661516
15266727366
13976983685
15772776110
13288701122
18889338903
18907732522
13852256767
19138063439
13995309102
15300199455
18933102345
13652261788
13698899010
18562299772
18948711432
18689770669
13211151968
15716358963
15089966118
15912013084
13133027858
18137408860
13833464488
15890818696
15575679939
13655483299
13891890756
13660888789
13675983927
18107731404
18694074048
13434886868
18127200573
18374314313
13861988484
18821912788
15269281110
15224441555
18374768113
18953256101
18771368145
17802058220
15848277071
13883269986
13919331003
18170354447
13536268001
13680885508
15154127069
18638534444
13473664499
18103099782
15839417139
15002260786
18720213078
13825000835
18599933442
18865790863
13651285298
15553155800
15588863243
18032911621
13969157325
15562630158
15004353766
15974293040
17788956420
15966512519
18547119965
13316665488
18007925488
18007922488
13535611999
13723140982
13505096409
13781856333
15198092711
13023838267
13708514836
15819866000
15851818803
18064350991
18601053815
18718722415
15030115708
13688183935
13143759891
13666287319
15643300222
18807752552
15826729991
13886881260
13774110309
13288028848
15205020477
13637748414
15396621158
17720276998
15989824539
18519981998
13831217995
15830877562
18903417809
13653805638
13238865595
18647112888
17880193899
13323979154
13783583317
18266266772
18056795337
15897599196
13205675253
13165228368
15154127069
15153472787
13023418687
18963005058
13872861089
15098923545
18963005058
15664429594
15303819993
15378188588
15643300222
18807752552
18914084139
15223177877
15259783977
15259783977
18364077964
18866857571
13066007917
13867278679
15997850599
15537018198
18089296915
15806768284
13526655300
15378188588
15205296211
17707222159
13774132333
15216456078
15926657411
13111003103
15971946606
15170778827
13403545414
18603547659
13001799698
15138250361
13474411123
15377283155
18872992284
15826722490
15997899061
13597820078
13986882558
18872918883
13597875048
13617197423
16607285810
15872758171
13997828533
17671127777
13636186116
13177458681
15071589536
13598267290
13886825883
18154396858
13972478289
13477325945
18986893608
13687215999
15971915158
15171363215
13971798378
13197259013
18772255557
15629518626
13636161839
13435818096
13477298806
13872787118
18872917298
13094272427
18772069438
19151165606
15272289933
13971908698
13508680662
18671199763
13597856697
18827662016
13636196669
18986900961
13636179860
18986880531
13597878635
18808668855
15889149223
15160119890
15289036304
13318946272
13213213027
15154127069
15974293040
13985022852
13971772002
13093276677
18372219289
18727959306
13581408330
18672202845
18266372202
13562218615
18789723782
13916667159
17506321555
18266372202
13562218615
13908669111
13997889077
17871786830
15869549587
18745711055
17167130337
15003328399
13863728188
15153951639
13997850399
18071966519
17091351650
15650435234
19813832712
18890190022
13927989359
18876856267
18870357272
13558968684
18067661515
15738466483
13067060860
15102799738
18236282779
18630471234
13599856125
13610522855
15321985236
13552486423
18004380433
13259888899
13643011866
18200173363
18785065667
13520655300
18165622122
15706271818
16535887555
13003502128
13928836619
18086084789
17788956420
13595638864
13886899564
13038536291
13519153886
13259888899
13572882099
18820488287
18090663731
15285088838
18931761006
13772503868
19933444416
13785785428
17899889986
13822770442
13638029466
13595083393
13873651655
13433974698
13875572426
13016101587
13874645658
18120993900
18586885959
15508895918
13899778459
17854386188
18007922488
13535611999
13723140982
13505096409
13781856333
15198092711
13023838267
13700514836
15819866000
15851818803
18064350991
13573291565
13225280078
13875485937
15094344832
13830966534
13698296576
18826124788
13552486423
13772629599
13242866408
18457350501
17305398122
18555527808
18712486915
18310722081
13144497776
13690007345
15508895918
18149388022
13532223982
15050823859
15327599799
19953858899
18388731452
15377286095
18823099956
15215322249
18877778499
17092757549
13576207078
13396177688
13757322183
19157764387
15572225596
13193002033
19801837972
15926658497
18212096649
13969673788
13378963637
15116561988
15853030456
17090825815
17092757452
18562299772
18569991594
17135861671
15222224223
19857422477
17347868952
13788101471
13980910447
13015153469
18818491212
19333021106
1.59E+11
13924661568
13931399519
13543696774
15219398553
13534560488
18372219130
13433122788
18991124170
13412299917
13215225199
13570636792
18718722752
13377811799
13527577354
13719378036
19832792931
19806611322
18824199379
13420091783
18922642330
15972789362
15871258660
13637495413
13959168319
13135739988
13788101471
19897988898
13926739858
13013238000
18978190802
18771358398
15334116992
18159073099
13100004796
13599016286
19313995996
19986561777
13593747423
13872899211
15871809333
15571982859
13733598881
15071068883
13098493123
13636157982
13872771112
15071595522
13612922369
13593716168
19986558055
18872007662
18372619031
18772972131
13872757770
13597864446
13907275253
15071596355
13971901730
17371938999
15897858938
15871118888
13636153624
18972498480
13986888644
15207283777
13986880717
13872791287
18963934583
19972212999
18971798022
13872851617
13597820698
13477349980
13797887066
13886888859
18672733766
18771398777
13872881308
18872216727
18672286053
18672279377
18607228855
13997895389
18071372111
13872882107
15871221008
13872899158
13872881596
15022550077
18071961311
13822626667
13907468946
13930433688
18202973458
13872580052
13363992695
13669505069
13420091783
15880314188
15013697494
18727932794
13872860032
13572589585
18607229973
18871129931
18372258322
18872991413
15971927549
13677215999
13908666028
15586735777
13477346729
15972785080
18307238885
15271317777
13310408109
18718800662
19918002332
15997904178
15965678991
13908669562
13409668335
13250057766
18122661536
15367352280
15286274467
18735059975
18181112772
13697776326
15237728290
13571790137
13725447288
15272860320
18718722415
15237159508
18169203431
17788146656
13688183935
18130084475
13143759891
13407927255
13576207078
15988854187
18224517090
13519616693
15068032226
18924286789
18651833368
13610359098
18536360003
13305958253
13975615993
15308997617
15911128907
18829296009
15332327168
15631131483
13880395912
13468880968
13832125099
13675920708
15102799738
15871739708
13978431027
13719920569
13571980230
17627011831
13693254558
13930112919
18049044966
13812392377
17756343110
19851619751
18276711688
13523092116
13505349890
15802922665
15103124646
13488225815
18173707926
17778888368
18090663731
15997851130
13887037920
15002177780
18891593108
18866681678
13554241933
13225341766
15033565565
13152290888
15057578699
13872890531
15927064119
13986442588
15897584444
15608661216
15071650666
15586756999
15586757999
18671171237
15071646188
13886862466
17386580528
13329880088
13886869850
13971796236
15826777329
13329893111
13617222071
13886880160
18372222111
13317598688
15871223199
18771435888
13971796677
15271357998
13237265888
18871123603
18372228878
18872992778
18372229001
13607282527
15897607999
13997869339
15272883068
18771328688
13774147404
15972773109
13647297599
18771379816
18872993055
13277625350
17786716567
18995965995
13797885066
18372229008
18808660707
13339894599
13677215758
15997918994
13977960011
15078118658
16626951197
13927585515
15912013084
13109320885
15287797903
13825927942
18571675998
13791718189
13412299917
15971946606
15166500022
19908156268
13363992695
13257575353
13757322183
13516621669
13927454890
18578311456
13030082799
15398181977
13484585850
13830611221
15136837972
15855898283
15237152236
15549878880
13589949589
13768844255
13091116445
13540194977
13932069650
18550551844
18635593900
13193002033
13031089861
17861412016
14740592222
18763082678
16532173217
13598595050
15089966118
15837610887
18720263938
15568410788
13211190018
18434373771
18179276015
18209530001
18304062488
13361449649
13560687376
13066639110
15266808571
13271569636
13966474267
13627032328
13925411377
13928368320
18665741168
18300931021
13072031622
13964158762
13964158762
15563787920
15885980051
13713866081
13813934646
13727479122
13523192116
13711499986
17828886162
18872577776
13638023100
13822152900
13657499798
13802650771
15219894112
13716199928
15871739708
13727145253
13823816448
13608692822
15532200012
13627040644
15070781933
15267905311
15166500022
18296778939
13098106076
13924527488
13731616720
13203810100
15865876789
13404162886
15236392230
18771528389
18861106113
13965126648
18260802929
18175170666
13831025848
17627011831
13535677779
18138581622
18137360821
13727397773
13345542005
15219398553
13461882703
13431933376
13572882099
13100004796
15116561988
13378963637
13813934646
13722655896
15172611833
13627032328
17876666770
13527577354
13729645085
13698899010
15133179899
15852219153
19353580883
18991347779
18181112772
18181131163
13957745676
13939437757
18180573710
13978431027
18534666543
18734887834
15867013669
13135767171
15999956158
17733460919
15900239716
18706767718
15802903058
13599856125
18306532109
13595334442
15983836932
13877522514
15155970619
13107483868
18991347779
13488338484
13620002296
18135798613
15911161598
15347082853
13197342384
13860672006
17730860771
15337168392
13222298401
13598033655
13382872999
13100014904
13845200731
15057397711
13991509796
13595334442
18789723782
13752373494
15153288588
13682623131
13543057679
13317221625
18663901331
13012299517
15715739327
15866672505
15534001010
18633380135
13730873219
15075556921
15016383855
15850555168
13213088010
18688773880
13729921369
13551399438
18058618278
13987674792
15208481898
18782051422
15706271818
15857972934
13982579499
13100007817
15556596688
13595468805
13820141919
15388667899
15194294979
18390965007
18304062488
17737518899
17756897956
13632258008
17734457240
13928368320
18690268488
13122210867
15212061033
18177771818
18977797000
18300931021
15356458539
13340830653
13138877096
13099050400
18268663141
13131692606
15051961420
15118858098
18100614860
18318919995
13772147538
18088620196
13863725953
18155933295
18815373564
15005867733
15957388498
15388667899
13431933376
15366557211
13008718886
18335160698
16603123998
17764217507
19988559111
15685714478
13845200731
17807712258
13289218989
15033565565
13015302488
15852771781
15959734444
13481105767
18976652498
13731640002
13146543451
15538736450
15596628895
15107732851
13702481131
15850312620
15881422948
18953003444
15568310896
13922988837
13930433688
13459526782
13728226131
18823004969
13986900117
13525236662
15615159688
15503902333
13100004796
18628911479
15581000345
18329457783
18266266772
13289169693
15020234564
18833339731
18268063141
15148200435
15103124646
13222298401
15527297903
18906850538
15007190739
15880314188
13837660412
13927413470
13891963834
18166606658
13527577354
13377005715
17792695289
15684096543
18014141415
13805037110
13207044565
13059773444
13603535169
13568335225
13158822266
15235526342
13253398609
18107731404
13711322732
18531533444
13968067953
15170778827
15837032477
18374768113
13830980987
18042727778
15539235191
18079273779
18789723782
13716199928
13081605879
18316741928
13556418701
18229742974
15090672707
15249228825
13402875891
17716146875
13963423289
13859924701
18270069168
13930543073
13673636866
13729520498
13144497772
18447256555
13281974888
13760593118
15396621158
18159207758
18651937527
13833067512
13866286110
18275346046
13311052192
15348589975
18759132921
15738393809
18712486915
13617395358
13737344435
19852006000
13838381485
15180683462
18285470299
18685680995
13899274967
15772776110
18718800662
13938988885
15653456114
18511928979
18163923281
15960533362
13456588150
15392922757
13852445504
13013987634
18984067308
18224240935
13111099237
13595877705
15306129995
18249018188
15163654466
15163038878
15138993665
15136206078
13655483299
13893266783
18286358908
18383117854
13111047002
15277150966
18159073099
13723386594
13382689215
18856931289
13031597999
13554816371
13973663022
18275599108
15607309819
18969267518
17375958935
18880493266
19861508999
15629990919


















































































































































































